1000000000000
257568665000
126630000
126630000
69212000
5660427000
102058000
68892000
69304000
58613000
58613000
58613000
58613000
64644000
64149000
63911000
70838000
70457000
70240000
64469000
1023714550000
191529753000
63177000
9712799000
57258000
32323000
55307000
2885000
2589000
1614000
1882000
57629000
57516000
57734000
58039000
57662000
57719000
57419000
63202000
176108000
63180000
63012000
63057000
169557286000
58481000
58308000
58346000
58693000
58808000
58951000
58808000
60153000
60323000
58783000
58986000
14229000
4392000
15622000
58986000
59741000
59176000
59741000
59521000
59476000
59031000
394000
58970000
58801000
57959000
58986000
58986000
58986000
5093000
40041000
10180000
4850000
13857000
2250000
72117000
2773000
123998000
439794000
48729000
49546000
47464000
44261000
174799000
23674000
49000
86758000
86758000
1000000000
9830277000
9830277000
58986000
58986000
58986000
58986000
58986000
9552089000
9552089000
9558167000
7349000
30708000
59261000
9552142000
59261000
59261000
59261000
2965000
793000
69328000
69328000
74014000
9679334000
69328000
2425000
3656000
11485000
69328000
8336108000
102810000
102810000
94461000
103123000
103123000
103123000
103123000
68058000
103123000
103123000
103123000
103123000
17864000
103123000
110778000
110778000
110778000
111710000
54432000
110778000
96547000
